1 1 1 1 1 1 1 1 1 1 1 1 1 1 1 1 1 1 1 1 1 1 1 1 1 1 1 1 1 1 1 1 1 1 1 1 1 1 1 1 1 1 1 1 1 1 1 1 1 1 
1 142 143 144 130 120 121 122 123 0 167 168 169 0 91 92 93 94 95 0 195 196 197 198 24 18 23 0 0 0 82 83 84 0 125 126 127 128 129 130 131 184 185 0 0 0 91 92 93 1 
1 149 150 151 133 127 128 129 130 131 171 172 173 174 96 97 98 99 100 0 0 200 201 0 24 18 23 0 0 86 87 88 89 90 132 133 134 135 136 137 138 52 0 57 203 204 96 97 98 1 
1 156 157 132 133 134 135 136 137 138 175 176 177 178 101 102 103 104 105 0 0 0 0 0 24 18 23 0 0 91 92 93 94 95 139 140 141 142 143 144 145 52 52 0 205 206 101 102 103 1 
1 163 164 139 140 141 142 143 144 145 179 180 181 182 0 107 108 109 0 203 204 0 0 0 24 18 23 0 0 96 97 98 99 100 146 147 148 149 150 151 152 51 168 169 0 0 0 107 108 1 
1 0 0 146 147 148 149 150 151 152 0 184 185 0 0 0 0 0 0 205 206 0 0 0 24 18 23 0 0 101 102 103 104 105 0 154 155 156 157 158 0 171 172 173 174 57 54 0 0 1 
1 51 51 0 154 155 156 157 158 0 0 0 0 0 0 0 0 0 0 0 0 0 54 0 24 18 23 58 58 0 107 108 109 0 0 0 162 163 164 0 0 175 176 177 178 0 54 0 0 1 
1 0 51 0 0 162 163 164 0 0 0 0 54 54 54 0 54 54 0 0 0 54 54 0 24 18 23 0 58 52 58 49 49 58 58 0 0 0 0 0 0 179 180 181 182 0 59 0 54 1 
1 0 51 51 51 51 0 0 0 0 51 0 54 0 0 0 0 0 0 0 0 0 0 0 24 18 23 0 0 0 58 58 0 49 49 49 49 59 0 58 0 115 184 185 0 0 51 51 54 1 
1 0 0 51 0 51 51 0 203 204 51 51 54 54 0 53 0 0 0 0 0 0 0 0 24 18 23 0 0 0 0 0 207 208 0 0 49 49 49 59 52 52 0 0 0 0 51 0 0 1 
1 0 0 51 51 0 51 0 205 206 54 54 52 52 54 54 0 0 54 54 0 0 0 0 24 18 23 0 0 52 0 0 209 210 0 0 0 0 0 0 58 59 59 59 52 59 59 0 51 1 
1 0 0 0 51 51 51 54 54 54 51 51 56 56 51 51 54 54 54 0 0 58 0 0 24 18 23 0 0 52 52 0 0 0 0 52 53 53 0 0 50 50 0 0 0 58 0 0 0 1 
1 0 0 0 0 0 51 51 54 51 51 56 51 56 51 56 54 54 54 54 0 58 0 0 24 18 23 0 54 0 52 0 0 0 0 0 0 0 0 0 58 0 50 50 0 0 0 0 0 1 
1 0 0 51 51 0 0 0 0 51 58 51 0 54 54 54 0 0 0 0 0 58 0 0 24 18 23 0 54 0 0 0 0 0 0 52 52 52 52 0 0 0 0 0 0 0 0 0 0 1 
1 0 0 0 51 0 0 0 0 51 51 51 0 0 0 62 63 63 64 58 58 0 58 0 24 18 23 0 0 54 54 0 0 0 0 0 0 0 0 0 0 0 0 0 0 0 0 0 0 1 
1 0 0 0 51 51 51 0 0 51 54 51 51 51 51 46 25 25 30 0 58 58 0 0 24 18 2 22 0 0 54 54 0 0 0 0 0 0 0 0 0 0 0 0 0 0 0 0 0 1 
1 0 0 0 51 51 0 0 51 51 0 0 54 46 25 43 38 38 44 25 30 58 58 58 3 6 18 2 22 0 0 58 0 0 0 0 0 0 0 0 0 0 0 0 0 0 0 0 0 1 
1 0 0 0 51 51 51 51 51 0 0 0 47 42 38 38 38 38 38 38 44 48 0 55 51 11 19 18 2 8 0 58 58 0 59 0 0 0 0 0 0 0 0 0 0 0 0 0 0 1 
1 0 0 0 0 0 51 51 0 0 0 46 42 38 38 38 38 38 38 38 38 44 30 55 55 0 11 19 18 2 22 0 58 58 59 58 58 0 0 0 0 0 0 0 0 0 0 0 0 1 
1 0 0 0 0 0 0 0 66 47 25 42 38 38 38 38 38 38 38 38 38 38 39 0 51 51 0 3 19 18 17 8 0 58 59 59 58 52 52 58 58 0 0 0 0 0 0 0 0 1 
1 0 0 0 51 0 0 0 70 37 38 38 38 38 38 38 38 38 38 38 38 31 28 0 56 56 0 50 24 18 18 2 22 0 0 59 59 59 58 59 58 0 0 0 0 0 0 0 0 1 
1 0 0 0 0 51 0 66 46 43 38 38 38 38 38 38 38 38 38 31 27 28 0 56 56 49 50 50 11 6 18 18 23 0 0 0 58 52 59 59 52 0 0 0 0 0 58 0 0 1 
1 0 0 51 0 0 0 70 37 38 38 38 38 38 38 38 38 38 36 28 0 0 56 56 49 49 50 54 0 3 6 18 17 22 0 0 0 58 58 50 50 50 50 50 0 0 58 0 0 1 
1 0 0 51 51 51 0 46 42 38 38 38 38 211 212 213 214 27 35 0 0 56 56 54 49 50 0 54 54 0 11 6 18 17 8 0 0 0 0 0 0 58 58 59 59 0 0 0 0 1 
1 0 0 51 51 51 0 37 38 38 38 38 38 215 216 217 218 0 0 0 56 56 50 49 49 0 21 20 20 20 20 16 18 18 17 20 20 20 20 20 20 20 20 20 20 20 20 20 20 1 
1 0 0 51 0 0 47 43 38 38 38 38 38 219 220 221 222 30 0 0 56 50 50 49 0 13 15 18 18 18 18 18 18 18 18 18 18 18 18 18 18 18 18 18 18 18 18 18 18 1 
1 0 51 51 0 47 42 38 38 38 38 38 38 38 38 38 38 44 30 0 50 0 49 49 21 16 18 18 7 4 4 4 4 4 4 4 4 4 4 4 4 4 4 4 4 4 4 4 4 1 
1 0 0 0 65 37 38 38 38 38 38 38 38 38 38 38 38 38 39 0 0 0 49 0 24 18 18 7 5 0 0 51 51 59 51 51 59 59 56 56 58 59 58 58 0 0 0 56 0 1 
1 0 0 51 67 37 38 38 38 38 38 38 38 38 38 38 38 38 44 30 0 0 0 0 24 18 14 12 0 59 51 51 0 59 51 0 0 0 0 57 57 58 59 56 59 56 56 0 0 1 
1 0 51 51 67 37 38 38 38 38 38 38 38 38 38 38 38 38 38 39 0 59 0 0 24 18 23 0 77 75 77 75 76 0 0 0 0 0 0 76 77 75 0 0 0 0 0 0 0 1 
1 0 0 51 67 37 38 38 38 38 38 38 38 38 38 38 38 38 36 28 0 59 0 0 24 18 23 0 79 0 0 0 0 0 0 0 0 0 0 0 0 0 0 0 0 0 0 0 0 1 
1 0 0 0 69 26 41 38 38 38 38 38 38 38 38 38 38 38 39 0 0 59 0 0 24 18 23 0 79 0 0 0 0 0 0 0 0 0 0 0 0 0 0 0 0 0 0 0 0 1 
1 0 0 0 0 65 37 38 38 38 38 38 38 38 38 38 38 31 35 0 0 0 0 0 24 18 23 0 79 0 0 0 0 0 0 0 0 0 0 0 0 0 0 0 0 0 0 0 0 1 
1 0 0 0 0 67 37 38 38 38 38 38 38 38 38 31 27 28 0 0 0 59 0 0 24 18 23 0 79 0 0 0 0 0 0 0 0 0 0 0 0 0 0 0 0 0 0 0 0 1 
1 113 114 0 0 67 37 38 38 38 38 38 38 38 36 28 82 83 84 0 0 59 0 0 24 18 23 0 79 0 0 0 0 0 0 0 0 0 0 0 0 0 0 0 0 0 0 0 0 1 
1 120 121 122 123 69 26 29 38 38 38 38 38 38 39 86 87 88 89 90 59 59 0 0 24 18 23 0 79 0 0 0 0 0 0 0 0 0 0 0 0 0 0 0 0 0 0 0 0 1 
1 127 128 129 130 131 65 34 41 38 38 38 31 27 35 91 92 93 94 95 0 0 0 21 16 18 23 0 79 0 0 0 0 0 0 0 0 0 0 0 0 0 0 0 0 0 0 0 0 1 
1 134 135 136 137 138 69 65 26 29 38 36 28 0 0 96 97 98 99 100 0 0 13 16 18 18 23 0 80 0 0 0 0 0 0 0 0 0 0 0 0 0 0 0 0 0 0 0 0 1 
1 141 142 143 144 145 0 69 65 26 27 28 0 0 0 101 102 103 104 105 0 21 16 18 7 4 12 0 80 0 0 0 0 0 0 0 0 0 0 0 0 0 0 0 0 0 0 0 0 1 
1 148 149 150 151 152 0 0 69 62 63 64 0 0 0 0 107 108 109 0 21 15 18 14 12 0 0 0 77 75 0 0 0 77 75 77 75 0 0 0 0 0 0 0 0 0 0 0 0 1 
1 155 156 157 158 0 0 13 20 20 20 20 20 20 20 20 20 20 20 20 15 18 14 5 0 51 0 0 0 0 0 0 0 0 0 0 0 0 0 0 0 0 0 0 0 0 0 0 0 1 
1 162 163 164 0 0 0 24 18 18 18 18 18 18 18 18 18 18 18 18 14 4 5 114 0 51 0 0 0 0 0 0 203 204 0 0 82 83 84 0 0 0 0 0 0 0 0 0 0 1 
1 0 0 0 0 0 0 3 4 4 4 4 4 4 4 4 4 4 4 4 5 119 120 121 122 123 0 0 0 0 0 0 205 206 0 86 87 88 89 90 0 0 0 0 113 114 0 0 0 1 
1 0 0 187 188 189 190 0 0 0 0 0 77 75 77 75 77 75 0 0 125 126 127 128 129 130 131 0 0 167 168 169 0 0 0 91 92 93 94 95 0 0 0 119 120 121 122 123 0 1 
1 0 0 191 192 193 194 0 0 58 58 0 0 0 51 54 54 0 58 0 132 133 134 135 136 137 138 0 0 171 172 173 174 0 0 96 97 98 99 100 0 0 125 126 127 128 129 130 131 1 
1 0 0 195 196 197 198 0 58 58 0 0 51 51 54 54 51 58 58 0 139 140 141 142 143 144 145 0 0 175 176 177 178 0 0 101 102 103 104 105 0 0 132 133 134 135 136 137 138 1 
1 0 0 0 200 201 0 0 51 51 0 51 51 54 54 0 0 58 0 0 146 147 148 149 150 151 152 0 0 179 180 181 182 0 0 0 107 108 109 0 0 0 139 140 141 142 143 144 145 1 
1 0 207 208 0 0 0 0 0 0 0 54 54 0 0 0 0 58 0 0 0 154 155 156 157 158 0 0 0 0 184 185 0 0 0 0 0 0 0 0 0 0 146 147 148 149 150 151 152 1 
1 0 209 210 0 0 0 0 0 0 0 0 0 0 0 0 0 0 0 0 0 0 162 163 164 0 0 0 0 0 0 0 0 0 0 0 0 0 0 0 0 0 0 154 155 156 157 158 0 1 
1 1 1 1 1 1 1 1 1 1 1 1 1 1 1 1 1 1 1 1 1 1 1 1 1 1 1 1 1 1 1 1 1 1 1 1 1 1 1 1 1 1 1 1 1 1 1 1 1 1 
