1 1 1 1 1 1 1 1 1 1 1 1 1 1 1 1 1 1 1 1 1 1 1 1 1 1 1 1 1 1 1 1 1 1 1 1 1 1 1 1 1 1 1 1 1 1 1 1 1 1 
1 93 94 97 109 121 122 123 124 93 94 97 109 121 122 123 124 93 94 97 109 121 122 123 124 93 94 97 109 121 122 123 124 93 94 97 109 121 122 123 124 93 94 97 109 121 122 123 124 1 
1 125 126 105 116 127 128 129 130 125 126 105 116 127 128 129 130 125 126 105 116 127 128 129 130 125 126 105 116 127 128 129 130 125 126 105 116 127 128 129 130 125 126 105 105 127 128 129 130 1 
1 131 132 95 96 98 99 100 101 131 132 95 96 98 99 100 101 131 132 95 96 98 99 100 101 131 132 95 96 98 99 100 101 131 132 95 96 98 99 100 101 131 132 95 96 98 99 100 101 1 
1 102 95 104 106 107 108 110 104 102 95 104 106 107 108 110 111 102 95 104 106 107 108 110 111 102 95 111 106 107 108 110 111 102 95 104 106 107 108 110 111 102 99 111 106 107 108 110 111 1 
1 112 113 114 115 117 118 119 120 112 113 114 115 117 118 119 120 112 113 114 115 117 118 119 120 112 113 114 115 117 118 119 120 112 113 114 115 117 118 119 120 112 113 114 115 117 118 119 120 1 
1 134 0 72 134 0 0 134 0 0 134 0 0 134 0 0 134 72 0 134 0 0 134 0 0 134 0 0 134 0 0 134 0 0 134 0 0 134 0 0 134 0 0 134 72 0 134 89 90 1 
1 79 79 79 79 79 79 79 79 79 79 79 79 79 79 79 79 79 79 79 79 79 79 79 79 79 79 79 79 79 79 79 79 79 79 79 79 79 79 79 51 0 154 155 0 158 159 91 92 1 
1 57 57 57 57 57 57 57 57 57 57 57 57 57 57 57 57 57 57 57 57 57 57 57 57 57 57 57 57 57 57 57 57 57 57 187 188 195 198 200 19 0 156 157 0 160 161 0 0 1 
1 57 57 57 57 57 57 57 57 57 57 57 57 57 57 57 57 57 57 57 57 57 57 57 57 57 57 57 57 57 57 57 57 57 57 199 202 203 204 205 57 79 79 79 79 79 79 79 79 1 
1 57 57 57 57 57 57 57 57 57 57 57 57 57 57 57 57 57 57 57 57 57 57 57 57 57 57 57 57 57 57 57 57 57 57 201 206 207 208 189 57 57 57 57 57 57 220 221 232 1 
1 57 57 57 57 57 57 57 57 57 57 57 57 57 57 186 57 57 57 57 57 57 57 57 57 57 57 57 57 57 57 57 57 57 57 190 191 193 192 194 57 57 57 57 57 57 233 234 222 1 
1 57 57 169 170 57 57 57 57 57 57 57 169 170 57 57 57 177 178 57 57 57 57 57 57 57 177 178 57 57 57 57 57 57 57 57 57 196 57 57 57 57 57 57 57 57 223 224 225 1 
1 57 57 171 172 57 57 57 57 57 57 57 171 172 57 57 57 179 180 57 57 57 57 57 57 57 179 180 57 57 57 57 57 57 57 57 57 197 57 57 57 57 57 57 57 57 226 227 228 1 
1 57 57 173 174 57 57 57 57 57 57 57 173 174 57 57 57 181 182 57 57 57 57 57 57 57 181 182 57 57 57 57 57 57 57 57 57 57 57 57 57 57 57 57 57 57 229 230 231 1 
1 57 57 175 176 57 57 57 57 57 57 57 175 176 57 57 57 183 184 57 57 57 57 57 57 57 183 184 57 57 57 57 57 57 57 57 57 57 57 57 57 57 57 57 57 57 57 57 57 1 
1 57 57 57 57 57 57 57 57 57 57 57 57 57 57 57 57 57 57 57 57 57 57 57 57 57 57 57 57 57 57 57 57 57 57 57 57 57 57 57 57 57 57 57 57 57 57 57 57 1 
1 57 57 57 57 57 57 57 57 57 57 57 57 57 57 57 57 57 57 57 57 57 57 57 57 57 57 57 57 57 57 57 57 57 57 57 57 57 57 57 57 57 57 57 57 57 57 57 57 1 
1 57 57 57 57 57 57 57 57 57 57 57 57 57 57 57 57 57 57 57 57 57 57 57 57 57 57 57 57 57 57 57 57 57 57 57 57 57 57 57 57 57 57 57 57 57 57 57 57 1 
1 57 57 57 57 57 57 57 57 57 57 57 235 236 57 57 57 57 57 57 57 57 57 57 57 57 57 57 57 57 57 57 57 57 57 57 57 57 57 57 57 57 57 57 57 57 57 57 57 1 
1 57 57 210 211 211 211 211 211 211 211 211 237 238 211 211 211 211 211 211 211 212 211 211 211 211 211 211 211 211 211 211 211 211 211 211 211 212 57 57 57 57 57 57 57 57 57 57 57 1 
1 57 57 209 57 57 57 57 57 57 57 57 239 240 57 57 57 57 57 57 57 213 57 241 242 243 57 250 251 252 57 259 260 270 270 270 281 213 57 57 57 57 57 57 57 57 57 57 57 1 
1 57 57 209 57 57 57 57 57 57 57 57 57 57 57 57 57 57 57 57 57 213 57 244 245 246 57 253 254 255 57 282 283 284 284 284 261 213 57 57 57 57 57 57 57 57 57 57 57 1 
1 57 57 209 57 57 57 57 57 57 57 57 57 57 57 57 57 57 57 57 57 213 57 247 248 249 57 256 257 258 57 262 263 264 265 266 267 213 57 57 57 57 57 57 57 57 57 57 57 1 
1 57 57 209 57 57 57 57 57 57 57 57 57 57 57 57 57 57 57 57 57 213 57 57 57 57 57 57 57 57 57 268 269 271 272 273 274 213 57 57 57 57 57 57 57 57 57 57 57 1 
1 57 57 209 57 57 57 57 57 57 57 57 57 57 57 57 57 57 57 57 57 213 57 57 57 57 57 57 57 57 57 275 276 277 278 279 280 213 57 57 57 57 57 57 57 57 57 57 57 1 
1 57 57 209 57 57 57 57 57 57 57 57 57 57 57 57 57 57 57 57 57 213 57 57 57 57 57 57 57 57 57 57 57 57 57 57 57 213 57 57 57 57 57 57 57 57 57 57 57 1 
1 57 57 209 57 57 57 57 57 57 57 57 57 57 57 57 57 57 57 57 57 213 57 57 57 57 57 57 57 57 57 57 57 57 57 57 57 213 57 57 57 57 57 57 57 57 57 57 57 1 
1 57 57 209 57 57 57 57 57 57 57 57 57 57 57 57 57 57 57 57 57 213 57 57 57 57 57 57 57 57 57 57 57 57 57 57 57 213 57 57 57 57 57 57 57 57 57 57 57 1 
1 57 57 209 57 57 57 57 57 57 57 57 57 57 57 57 57 57 57 57 57 213 57 57 57 57 57 57 57 57 57 57 57 57 211 211 211 215 57 57 57 57 57 57 57 57 57 57 57 1 
1 57 57 209 57 57 57 57 57 57 57 57 57 57 57 57 57 57 57 211 211 215 57 57 57 57 57 57 57 57 57 57 57 57 57 57 57 57 57 57 57 57 57 57 57 57 57 57 57 1 
1 57 57 214 211 211 57 57 57 57 57 57 57 57 57 57 57 57 57 57 57 57 57 57 57 57 57 57 57 57 57 57 57 57 57 57 57 57 57 57 57 57 57 57 57 57 57 57 57 1 
1 57 57 57 57 57 57 57 57 57 57 57 57 57 57 57 57 57 57 57 57 57 57 57 57 57 57 57 57 57 57 57 57 57 57 57 57 57 57 57 57 57 57 57 57 57 57 57 57 1 
1 57 57 216 217 218 219 216 217 218 219 216 217 218 219 216 217 218 219 216 217 218 219 216 217 218 219 216 217 218 219 216 217 218 219 216 217 57 57 57 57 57 57 57 57 57 57 57 57 1 
1 57 57 144 57 57 144 57 57 144 57 57 144 57 57 144 57 57 144 57 57 144 57 57 144 57 57 144 57 57 144 57 57 144 57 57 144 57 57 57 57 57 57 57 57 57 57 57 57 1 
1 57 57 57 57 57 57 57 57 57 57 57 57 57 57 57 57 57 57 57 57 57 57 57 57 57 57 57 57 57 57 57 57 57 57 57 57 57 57 57 57 57 57 57 57 57 57 326 57 1 
1 57 57 57 57 57 57 57 57 57 57 57 57 57 57 57 57 57 57 57 57 57 57 57 57 57 57 57 57 57 57 57 57 57 57 57 57 57 57 57 57 57 57 57 57 57 57 327 57 1 
1 57 57 57 57 57 57 57 57 57 57 57 57 57 57 57 57 57 57 57 57 57 57 57 57 57 57 57 57 57 57 57 57 57 57 57 57 57 57 57 57 57 57 57 57 57 57 328 57 1 
1 57 57 57 57 57 57 57 57 57 57 57 57 57 57 57 57 57 57 57 57 57 57 57 57 57 57 57 57 57 331 57 57 57 57 57 57 57 57 57 57 57 57 57 57 57 57 329 57 1 
1 57 57 57 57 57 57 57 57 57 57 57 57 57 57 57 57 57 57 57 57 57 57 57 57 57 57 57 57 57 332 57 57 57 57 57 57 57 57 57 57 57 57 57 57 57 57 330 57 1 
1 17 17 49 285 286 292 293 294 78 17 300 301 307 308 309 78 17 17 17 17 17 17 78 17 17 315 318 319 17 78 17 17 17 17 17 17 17 17 17 17 17 17 17 17 17 17 17 17 1 
1 64 64 32 295 296 297 298 299 26 64 310 311 312 313 314 26 48 20 20 40 20 64 26 64 320 321 322 323 64 26 64 64 64 64 64 64 64 64 47 48 333 335 335 334 64 64 64 64 1 
1 64 20 32 287 288 289 290 291 26 64 302 303 304 305 306 26 64 20 20 39 20 64 26 64 324 325 316 317 64 26 64 64 64 64 64 64 64 64 48 48 333 335 335 334 64 64 64 64 1 
1 64 64 55 30 30 30 30 30 24 30 30 30 30 30 30 24 30 30 30 30 30 30 24 30 30 30 30 30 30 24 48 48 48 48 48 48 48 64 48 64 333 335 335 334 64 64 64 64 1 
1 64 64 64 64 64 64 64 64 64 64 64 64 64 64 64 64 64 64 64 64 64 64 64 64 64 64 64 64 64 64 64 64 64 64 64 64 64 64 64 64 333 335 335 334 64 64 64 64 1 
1 64 64 64 64 64 64 64 64 64 64 64 64 64 64 64 64 64 64 64 64 64 64 64 64 64 64 64 64 64 64 64 64 64 64 64 64 64 64 64 64 333 335 335 334 64 64 64 64 1 
1 64 64 64 64 64 64 64 64 64 64 64 64 64 64 64 64 64 64 64 64 64 64 64 64 64 64 64 64 64 64 64 64 64 64 64 64 64 64 64 64 333 335 335 334 64 64 64 64 1 
1 64 64 64 64 64 64 64 64 64 64 64 64 64 64 64 64 64 64 64 64 64 64 64 64 64 64 64 64 64 64 64 64 64 64 64 64 64 64 64 64 333 335 335 334 64 64 64 64 1 
1 64 64 64 64 64 64 64 64 64 64 64 64 64 64 64 64 64 64 64 64 64 64 64 64 64 64 64 64 64 64 64 64 64 64 64 64 64 64 64 64 333 335 335 334 64 64 64 64 1 
1 1 1 1 1 1 1 1 1 1 1 1 1 1 1 1 1 1 1 1 1 1 1 1 1 1 1 1 1 1 1 1 1 1 1 1 1 1 1 1 1 1 1 1 1 1 1 1 1 1 
